1 5
2 17
3 37
4 13
5 101
6 29
7 197
8 257
9 13
10 401
11 97
12 577
13 677
14 157
15 53
16 41
17 89
18 1297
19 17
20 1601
21 353
22 149
23 73
24 461
25 61
26 541
27 2917
28 3137
29 673
30 277
31 769
32 241
33 4357
34 37
35 29
36 61
37 5477
38 109
39 1217
40 173
41 269
42 7057
43 569
44 1549
45 8101
46 1693
47 8837
48 709
49 113
50 137
51 2081
52 373
53 661
54 2333
55 12101
56 193
57 317
58 13457
59 557
60 14401
61 229
62 15377
63 15877
64 113
65 16901
66 41
67 17957
68 349
69 293
70 1153
71 109
72 233
73 21317
74 337
75 22501
76 4621
77 641
78 24337
79 4993
80 25601
81 181
82 2069
83 1621
84 1129
85 28901
86 97
87 137
88 30977
89 6337
90 32401
91 53
92 33857
93 1193
94 7069
95 2777
96 101
97 617
98 937
99 7841
100 181
